ref.csv
-0.000000000000000000e+00,-0.000000000000000000e+00,-0.000000000000000000e+00
-0.000000000000000000e+00,-0.000000000000000000e+00,-0.000000000000000000e+00
-0.000000000000000000e+00,-0.000000000000000000e+00,-0.000000000000000000e+00
-0.000000000000000000e+00,-0.000000000000000000e+00,-0.000000000000000000e+00
-0.000000000000000000e+00,-0.000000000000000000e+00,-0.000000000000000000e+00
-0.000000000000000000e+00,-0.000000000000000000e+00,-0.000000000000000000e+00
-0.000000000000000000e+00,-0.000000000000000000e+00,-0.000000000000000000e+00
-0.000000000000000000e+00,-0.000000000000000000e+00,-0.000000000000000000e+00
-0.000000000000000000e+00,-0.000000000000000000e+00,-0.000000000000000000e+00
-0.000000000000000000e+00,-0.000000000000000000e+00,-0.000000000000000000e+00
-0.000000000000000000e+00,-0.000000000000000000e+00,-0.000000000000000000e+00
-0.000000000000000000e+00,-0.000000000000000000e+00,-0.000000000000000000e+00
-0.000000000000000000e+00,-0.000000000000000000e+00,-0.000000000000000000e+00
-0.000000000000000000e+00,-0.000000000000000000e+00,-0.000000000000000000e+00
-0.000000000000000000e+00,-0.000000000000000000e+00,-0.000000000000000000e+00
-0.000000000000000000e+00,-0.000000000000000000e+00,-0.000000000000000000e+00
-0.000000000000000000e+00,-0.000000000000000000e+00,-0.000000000000000000e+00
-0.000000000000000000e+00,-0.000000000000000000e+00,-0.000000000000000000e+00
-0.000000000000000000e+00,-0.000000000000000000e+00,-0.000000000000000000e+00
-0.000000000000000000e+00,-0.000000000000000000e+00,-0.000000000000000000e+00
-0.000000000000000000e+00,-0.000000000000000000e+00,-0.000000000000000000e+00
-0.000000000000000000e+00,-0.000000000000000000e+00,-0.000000000000000000e+00
-0.000000000000000000e+00,-0.000000000000000000e+00,-0.000000000000000000e+00
-0.000000000000000000e+00,-0.000000000000000000e+00,-0.000000000000000000e+00
-0.000000000000000000e+00,-0.000000000000000000e+00,-0.000000000000000000e+00
-0.000000000000000000e+00,-0.000000000000000000e+00,-0.000000000000000000e+00
-0.000000000000000000e+00,-0.000000000000000000e+00,-0.000000000000000000e+00
-0.000000000000000000e+00,-0.000000000000000000e+00,-0.000000000000000000e+00
-0.000000000000000000e+00,-0.000000000000000000e+00,-0.000000000000000000e+00
-0.000000000000000000e+00,-0.000000000000000000e+00,-0.000000000000000000e+00
-0.000000000000000000e+00,-0.000000000000000000e+00,-0.000000000000000000e+00
-0.000000000000000000e+00,-0.000000000000000000e+00,-0.000000000000000000e+00
-0.000000000000000000e+00,-0.000000000000000000e+00,-0.000000000000000000e+00
-0.000000000000000000e+00,-0.000000000000000000e+00,-0.000000000000000000e+00
-0.000000000000000000e+00,-0.000000000000000000e+00,-0.000000000000000000e+00
-0.000000000000000000e+00,-0.000000000000000000e+00,-0.000000000000000000e+00
-0.000000000000000000e+00,-0.000000000000000000e+00,-0.000000000000000000e+00
-0.000000000000000000e+00,-0.000000000000000000e+00,-0.000000000000000000e+00
-0.000000000000000000e+00,-0.000000000000000000e+00,-0.000000000000000000e+00
-0.000000000000000000e+00,-0.000000000000000000e+00,-0.000000000000000000e+00
-0.000000000000000000e+00,-0.000000000000000000e+00,-0.000000000000000000e+00
-0.000000000000000000e+00,-0.000000000000000000e+00,-0.000000000000000000e+00
-0.000000000000000000e+00,-0.000000000000000000e+00,-0.000000000000000000e+00
-0.000000000000000000e+00,-0.000000000000000000e+00,-0.000000000000000000e+00
-0.000000000000000000e+00,-0.000000000000000000e+00,-0.000000000000000000e+00
-0.000000000000000000e+00,-0.000000000000000000e+00,-0.000000000000000000e+00
-0.000000000000000000e+00,-0.000000000000000000e+00,-0.000000000000000000e+00
-0.000000000000000000e+00,-0.000000000000000000e+00,-0.000000000000000000e+00
-0.000000000000000000e+00,-0.000000000000000000e+00,-0.000000000000000000e+00

ref1.csv
-4.820316754150261230e+11,-1.873503652879349976e+11,1.151598354456473633e+12
-4.573797655067044678e+11,-1.725367101567156677e+11,1.179369157685542725e+12
-4.240711792923540039e+11,-8.760510584782576904e+11,1.096091875595963379e+12
3.070158722688377930e+12,2.141751471478623779e+12,-7.665212119466692383e+12
-1.374027712101594238e+12,-9.870712193736489258e+11,3.422053461274181641e+12
1.971351948261001587e+11,4.962468790175079346e+09,-4.762487911311785889e+11
-1.357288249616641541e+11,-6.207627804521375275e+10,3.566800837392399292e+11
1.508364964602344971e+11,2.110588526736085510e+11,-1.915058007206331787e+11
4.844807724851525879e+11,-7.958419235946420288e+10,-1.219849524293555420e+12
2.689692273617179871e+11,-1.147423642011436615e+11,-6.400825996447462158e+11
-1.030179251247486816e+12,1.475800159181707764e+11,2.586155197922891602e+12
4.461229451751786499e+11,3.517263119464901733e+10,-1.169747277831136230e+12
-4.591437663964536133e+11,-1.450234583331694946e+11,1.131528958168795898e+12
6.107156141008258057e+10,1.075840927632033997e+11,-5.313073824987964478e+11
3.635142538055588379e+11,9.302797678559652710e+10,-1.051693929730877441e+12
3.793892806873353516e+12,-6.219559612384519043e+11,-1.215925967480021875e+13
-3.139748880841797852e+12,1.124511547742472900e+12,1.102877399869098438e+13
1.083182489420524170e+12,-4.836707179550405273e+11,-3.135605743240791016e+12
2.400730616244366211e+12,-4.943518385759866333e+11,-5.155022783801932617e+12
-1.442817970642138184e+12,2.128541424775325928e+11,2.907470569920770508e+12
6.657157752956372070e+11,1.710722993090527344e+10,-8.782628438173968506e+11
3.153633025650700073e+11,-2.559666554268200684e+10,3.195894097817325439e+11
1.610288276639277344e+12,-1.138618618660188477e+12,-8.125481757849080078e+12
-1.208254393836775586e+13,3.475528180944226562e+12,3.825356784143052344e+13
7.493679167015612305e+12,-2.411883998033450684e+12,-2.267274219456195703e+13
-1.410863259857527588e+12,2.703031356526577454e+11,2.907400841542487305e+12
6.714674551459345703e+11,-6.585991939943685913e+10,-1.151843570713230225e+12
-7.826180653375600586e+11,2.609793559947692871e+09,6.061170386469086914e+11
-2.102108979663452148e+12,2.110177342763155518e+11,3.523860139488313477e+12
3.278236257878772461e+12,-3.060818863432015381e+11,-1.004526483649465820e+13
-4.322757635486146240e+11,-1.520700008565649414e+11,1.727406655927468262e+12
-8.515578611138358154e+11,-2.908291137254730988e+10,1.263367899401414307e+12
2.255155051949225098e+12,4.287987720292313385e+10,-4.324156152897093750e+12
-6.686132008904990234e+11,4.232220386940187836e+10,1.320090767917066162e+12
6.494528362467753906e+11,2.373426064808081055e+10,4.345937499273720703e+11
5.135789775321271362e+11,-3.777306646087443542e+10,-2.709482114518149414e+11
-1.880722352401772949e+12,1.573101980318122864e+11,5.928241145390344727e+12
2.162923117025520020e+12,4.227363916255021973e+11,-6.369673117584884766e+12
-1.518839682883341797e+13,-3.917288900334882812e+11,3.312776383650180078e+13
1.981817561195856250e+13,-4.229661119181826660e+12,-4.550720566773650781e+13
3.099500379032076416e+11,-2.266641802729949951e+10,-6.926006885429521484e+11
-2.309024698042666016e+11,-5.475619657080218506e+10,-5.057775488938471680e+11
5.509600464530493164e+10,1.620345682443292236e+10,-2.034441636914013672e+11
-1.502855473682873535e+11,-9.967621693693115234e+09,4.802791182786699219e+11
-2.569739452905463867e+11,5.792749758823855469e+12,8.441222675726501465e+11
9.402034429645439453e+12,-1.016613576546021680e+13,-1.921404065451697266e+13
-1.495812944461726758e+13,2.366137525455424805e+12,3.300615539122560938e+13
-2.998724242265242188e+12,1.242831512588090234e+13,9.096430133325869141e+12
1.418633537568761230e+12,-6.081160830909251953e+12,-4.341730857902135742e+12

ref2.csv
-5.084702709041952515e+11,-1.887080306786835327e+11,1.321659099607833496e+12
-1.275409052407464600e+11,-7.989506476538723755e+10,4.106332845579240723e+11
7.030710523909786377e+11,4.186402460174549561e+11,-1.767880849179858887e+12
-5.028346224237150879e+11,-1.010062422099320801e+12,1.212986658967596680e+12
8.149793996360720825e+10,5.316851409591228027e+11,-2.018960612522869263e+11
3.867471785330066528e+11,-7.764965834349243164e+09,-8.875231758642733154e+11
-2.989922327735087280e+11,-1.020044547820128479e+11,7.497074692928740234e+11
2.572244239865971680e+11,3.169953972077165527e+11,-1.557305538716920166e+11
7.050696367179661865e+11,-1.864648771950870667e+11,-2.008765779185963867e+12
1.371644088043176575e+11,-3.575295773074352417e+11,-4.993085868178878174e+11
-1.183923774407650146e+12,8.909241772638236084e+11,2.757003827929877930e+12
9.291237165739288330e+11,-2.672722654779047546e+11,-2.231846772886896484e+12
-4.579972729201268311e+11,-8.886082820559881592e+10,9.943943005233323975e+11
-8.326019749542816162e+10,1.089987648109358215e+11,-5.042058408835861206e+11
1.929302470959610596e+11,6.681892377801087189e+10,-1.239054865639992676e+12
-8.007335647168321533e+11,-8.333908538147447205e+10,1.989949276457855957e+12
-3.430710514582800293e+11,1.377371632681061035e+12,3.630426907415704102e+12
1.692570712624585938e+12,-9.007907977025046387e+11,-4.496677193903943359e+12
2.324227864364193848e+12,-6.498375567651191406e+11,-4.158580957415621094e+12
-4.989556278003566406e+12,6.073961396020883789e+11,9.179217394950320312e+12
1.157510817651768066e+12,-1.235547942803135300e+10,-1.103049795420309082e+12
3.371071368249646606e+11,-4.652267259196304321e+10,1.315390330602645264e+11
2.845248023974125977e+12,-2.376151303758855469e+12,-1.635601875083872070e+13
-1.701414587331216406e+13,8.715372465626077148e+12,5.840551786951207812e+13
1.288533551663462500e+13,-6.755130270288501953e+12,-4.036418818651826562e+13
-1.802600601501069580e+12,4.761195729804069824e+11,3.106984701287486328e+12
6.175942828622551758e+12,-6.281567715968447266e+11,-1.136779776948101758e+13
-3.651529626826225098e+12,1.103498163254883423e+11,2.351715706383646484e+12
-1.068146121613170288e+12,-2.327299230613029480e+09,1.463646389197921875e+12
1.053675781705907959e+12,2.431023768855515137e+11,-5.340744700562985352e+12
-9.992692204662781982e+11,-4.719531036674879761e+11,3.959363458458876953e+12
-3.719359251025848999e+11,1.875625061955152130e+10,-2.702526281441137695e+11
1.680619523670997314e+12,2.096125993174390869e+11,-2.770520106395427246e+12
-8.763364157918842773e+11,2.772248022179553223e+10,1.544587921589737305e+12
2.569655309664395508e+12,2.048353525135683594e+11,3.787922508344797852e+12
4.433098436420903931e+11,-2.275902577519941711e+10,-5.114958697686098633e+11
-3.958695444146242676e+11,-1.925481571586995544e+11,2.531226479521097656e+12
2.265311745644580566e+12,1.086052335185387329e+12,-6.764640927701829102e+12
-9.278643274690996875e+13,-2.457061048496426758e+12,1.978701870580642188e+14
1.452761609844068125e+14,-5.761911119807509766e+12,-3.108226729161378125e+14
6.730598018904500732e+11,-2.007600215622443008e+10,-1.300167212031377441e+12
-1.137049772469645020e+12,-1.760698800864680786e+11,-2.363223036754553223e+12
-3.353160159067541504e+10,3.066599855985350342e+11,-6.279490603334887695e+10
1.515036470862207031e+10,-5.840892754565450439e+11,2.265302392961948242e+11
7.532501377587174072e+11,7.239416312477421875e+12,-1.946899010777802734e+12
1.593366668777030273e+13,-7.696282154569191406e+12,-3.423707215199846484e+13
-7.190400578070151562e+13,2.809402707913313477e+12,1.557804479890497812e+14
1.431867043269433594e+10,1.043596720987541797e+13,8.560470095157617188e+10
-1.517169550149882812e+11,-5.076276397596710938e+12,2.417563310459453125e+11

ref3.csv
-3.854214080675851440e+11,-5.898740497900054932e+10,1.423083843069742920e+12
-3.774250250892788086e+11,-6.672868316946450806e+10,1.304459018684172607e+12
3.505565233392064209e+11,-1.610174656979619629e+12,-1.220564519563865723e+12
2.200316034550738831e+11,2.119157231881123047e+12,-5.832170247818000488e+11
-2.698148720277886963e+10,-9.568519428757800293e+11,1.022882468622448730e+11
3.753115592968878784e+11,-2.603242125663439941e+11,-6.538825057420765381e+11
-5.665248235574406738e+11,-4.551319336009219360e+10,1.127071764163883301e+12
-1.174819875164398193e+11,4.685596342293253174e+11,4.700919010768114014e+11
8.314070162489882812e+11,-5.407166868165788574e+11,-3.510567762978225586e+12
5.834447369764077759e+10,-7.029075849867669678e+11,-4.411257509830278320e+11
-1.387928484864039307e+12,1.996488619397780029e+12,3.376257051344660156e+12
1.097794189630763062e+12,-9.192257939320528564e+11,-2.422561208992545898e+12
-3.271615528489826660e+11,1.236783635871665039e+11,4.349986990529954834e+11
-5.425360078459318848e+11,1.063276425599001770e+11,-1.703485265560522461e+11
8.886117008613685303e+11,-1.311959673545157623e+10,-2.288596512740742676e+12
-7.487968677299526367e+11,2.418591944449612427e+11,3.048094044814576660e+12
-5.414197530968945312e+12,8.594733015568499023e+12,2.841209272001111328e+13
1.407953816625080664e+13,-1.496254868165428711e+13,-5.468353427199957031e+13
-9.589746294044769287e+11,6.506789106753809814e+11,1.920972448502882812e+12
-1.182513879639149170e+12,4.186945131736977386e+10,1.073651187275233643e+12
3.232821151847758789e+12,-2.189894139762729797e+11,-2.859708634382486328e+12
-5.248281261983027954e+11,-5.905008980208829498e+10,7.082412532855017090e+11
4.727670236862244873e+11,-2.984684213836718262e+12,-1.624318115362663477e+13
-8.743536135899230469e+12,9.914128461787876953e+12,5.079139135380455469e+13
5.506236872881265869e+11,-8.915613302480695801e+11,-8.974062385280802734e+12
-9.435251085584385986e+11,1.930761042461092834e+11,9.431289938746540527e+11
1.600583135726847168e+12,-3.815672574622169189e+11,-1.297500233407406006e+12
4.457367275044876953e+12,6.994335611358165283e+11,4.639101833732408203e+12
1.899695975614755554e+11,-2.007389951552393799e+11,-3.057421532633597412e+11
-5.002764680901013184e+10,5.430644216926520386e+11,-2.946171755261493164e+12
-1.149753020823238525e+11,-6.352707603874582520e+11,2.219073143294466797e+12
-5.449848796591126709e+11,-1.424063665653325195e+11,7.910851944416528320e+10
8.988479978449099121e+11,3.328872984065963135e+11,-1.329599883901953613e+12
-1.462397107238477539e+12,-2.212829685824603882e+11,2.121991519321798340e+12
-1.225980955966519727e+13,-9.459443708983222656e+11,-6.188646297193673828e+12
-1.992962116631586304e+11,1.460686119010304260e+11,-3.187051008627514648e+10
2.479405833520380859e+11,-4.502703327632933350e+11,1.715805788831896729e+12
1.513718972412769531e+12,1.979843358327689453e+12,-6.213528976869941406e+12
-3.054575250820171875e+13,-2.118894647316388281e+13,6.072937603462751562e+13
4.347683220516814062e+13,1.606110246857241602e+13,-8.803005558997695312e+13
2.044581469775990479e+12,3.404710551639284058e+11,-3.188530710240795898e+12
6.179229620032449219e+12,3.951139041057668457e+11,3.046573271536759766e+12
-5.969248908617669678e+10,3.236405084331900635e+11,-2.577435299106254883e+11
6.473656575552551270e+10,-6.140229627672941895e+11,6.087454181306752930e+11
-7.931182757555296631e+11,5.426463708081287109e+12,2.026139056520933350e+12
1.518657378537840820e+13,5.475276026253453125e+12,-3.019691281093452734e+13
-2.369290405576281641e+13,-8.983810603606675781e+12,5.172052060928976562e+13
-1.155727110232097656e+13,3.730167575114072266e+12,1.925773776407025781e+13
5.509873889979261719e+12,-1.848444549612697266e+12,-9.262342775949042969e+12

ref4.csv
-2.303763952207427673e+11,3.793913184916884766e+11,2.447269937504783691e+12
-8.536257791357915039e+11,1.523955837589650879e+12,7.237477133095710938e+12
-1.020305213306421509e+11,-2.082135437413853027e+12,-6.509411001431608887e+11
4.775279157974608765e+11,2.306543962825010254e+12,-8.994676920458454590e+11
-8.836975256487696533e+11,-3.605394006727048340e+11,1.651758001855465332e+12
1.476743214825204102e+12,-1.384333448544373535e+12,-2.093769367899856445e+12
-2.027132805334520752e+12,7.423271052390729980e+11,2.798963582462951172e+12
-7.552805993157946777e+10,5.509221017323857422e+11,1.651712509389620361e+11
1.114248531593321777e+12,-3.471224606386277344e+12,-1.335628944964844727e+13
1.693251783261336914e+12,-3.477207629791682617e+12,-5.764182948449987305e+12
-5.532867000394013672e+12,8.357622544288296875e+12,1.616311596743867969e+13
3.886364502015468262e+12,-3.830056029880202637e+12,-7.896646682914132812e+12
4.211871339127165527e+11,1.566584819820656128e+11,-8.588391075006320801e+11
3.896667382835864868e+11,-1.552097118297604370e+11,-1.124883367497241455e+12
8.675792856992482910e+11,-2.834066690693910522e+11,-2.595757851496542969e+12
-1.840242807848817139e+11,7.408640653097818604e+11,3.638225394317993164e+12
1.278606019859062256e+12,2.309095476290229492e+12,5.138872949371536133e+12
3.685423523203288086e+12,-3.828644190331959961e+12,-1.050261281517301953e+13
-3.769723279511384277e+12,2.672733641363066895e+12,6.409485331165486328e+12
-1.229815291503394043e+12,1.731713602607284851e+11,5.112759059383186035e+11
3.131362190528742676e+12,-4.876599061705211182e+11,-1.578247348421976074e+12
-4.081031594981341553e+11,-1.060864693632764282e+11,2.700903881222821655e+11
-1.313198952281359863e+12,-3.254271548034257324e+12,-1.931185043126339453e+13
-3.332425149042052246e+12,7.910168859387170898e+12,4.414974688568353125e+13
2.202293010598073730e+12,-4.890896636061544922e+12,-2.355001543037376172e+13
-2.049866485435164490e+11,-1.947757972454603577e+10,-2.241207967191204834e+11
1.402537636787539795e+12,-4.425701878335842285e+11,-5.866619987282087402e+11
2.776045701721121094e+12,7.896541333075874023e+11,5.552817628574337891e+12
-3.690616969246997070e+11,-2.660853164248872375e+11,7.743258205120999756e+11
-7.494893342259415283e+11,8.728177511574013672e+11,-3.505866400233943848e+12
4.749030804893684082e+11,-8.728607937147773438e+11,3.137963248914947266e+12
-1.512171893445134766e+12,-1.172197900270487305e+12,2.260939395972406250e+12
-7.116781878040583801e+10,2.657486987050858154e+11,-1.303867326511345825e+11
-4.171092636400597534e+11,-2.301691044518546143e+11,4.750072455580449219e+11
-8.392055038352048828e+12,-9.893147938709533691e+11,-9.690934786431212891e+12
-6.629588352446649170e+10,3.263214339573257446e+11,-8.115676592072167969e+11
7.637473264206290283e+11,-7.406773700893735352e+11,1.235824652926406982e+12
1.142386119730308594e+12,3.819720949405309570e+12,-7.988179368029587891e+12
-4.028995076864339844e+13,-5.397185712038336719e+13,8.338858483077595312e+13
5.985125819808834375e+13,5.685620928336910938e+13,-1.230311193642957031e+14
7.097720397168122559e+11,2.164027750147661438e+11,-1.002418713321544067e+12
4.938283369990590820e+12,6.451572501335190430e+11,4.081261463744652832e+12
-3.027661768107675171e+11,7.187038854517496338e+11,2.765823061233056641e+10
5.326902880746555786e+11,-1.407518293760778076e+12,1.324380344310019531e+11
-1.219601682607993408e+12,4.851452345386947266e+12,3.207044831271762207e+12
1.298423449220118945e+13,1.789165586565759375e+13,-2.546575574948910547e+13
-3.358633710964726953e+13,-1.728251451575493750e+13,7.476499620531207812e+13
2.837725720314851074e+12,-1.949413008592229688e+13,-1.473162841299253125e+13
-1.914296308350017578e+12,9.423745619446074219e+12,7.731829258425636719e+12

