0.000000000000000000e+00
1.105679139858612142e-03
1.674438903301156628e-03
2.167084083446164586e-03
3.211961522790565769e-03
4.492316083550849069e-03
5.649680454268573085e-03
6.508404642387421654e-03
7.007644656704555691e-03
7.164941573544231397e-03
7.059102882336308442e-03
6.803768120100059207e-03
6.514979338783377823e-03
6.285359365907550698e-03
6.171688720016000641e-03
6.194859837920516435e-03
6.347504303197553342e-03
6.604268144862608832e-03
6.931384974000027836e-03
7.294167909569477734e-03
7.662268179641813434e-03
8.012935903186409886e-03
8.332501096910447519e-03
8.616257386663873225e-03
8.867003445559670793e-03
9.092654278647190752e-03
9.303490924502387169e-03
9.509662348925718503e-03
9.719422956458900059e-03
9.938320482918167748e-03
1.016925296714675346e-02
1.041310264425431183e-02
1.066958684517292123e-02
1.093802855299316062e-02
1.121788163851936831e-02
1.150897944698485442e-02
1.181156472007627127e-02
1.212619149846190687e-02
1.245357933654729285e-02
1.279447094839217952e-02
1.314951646397640068e-02
1.351919010415266777e-02
1.390373778393697718e-02
1.430315210644020688e-02
1.471717032649496638e-02
1.514528974926300162e-02
1.558679417820122044e-02
1.604078518482148288e-02
1.650621322140337355e-02
1.698190543023305604e-02
1.746658881688166118e-02
1.795890888801717281e-02
1.845744480859369541e-02
1.896072264785642406e-02
1.946722842720001109e-02
1.997542252213129962e-02
2.048375657795808991e-02
2.099069355974021028e-02
2.149473096303358352e-02
2.199442664782086040e-02
2.248842629142651026e-02
2.297549113276269733e-02
2.345452452273279198e-02
2.392459580578429335e-02
2.438496021941798791e-02
2.483507378228985707e-02
2.527460250879180748e-02
2.570342569564939422e-02
2.612163343075708452e-02
2.652951883593892418e-02
2.692756583942177220e-02
2.731643345523307800e-02
2.769693761164080878e-02
2.807003151906583074e-02
2.843678541470762849e-02
2.879836629617232857e-02
2.915601800076298919e-02
2.951104174673939429e-02
2.986477706967767889e-02
3.021858298953831318e-02
3.057381924025266706e-02
3.093182746936846625e-02
3.129391243869587141e-02
3.166132338849982769e-02
3.203523583261360524e-02
3.241673410910755893e-02
3.280679501789503238e-02
3.320627284462872308e-02
3.361588601807419252e-02
3.403620559310653604e-02
3.446764570426503332e-02
3.491045609884586842e-02
3.536471683244177266e-02
3.583033519079906193e-02
3.630704488760025384e-02
3.679440757707633236e-02
3.729181671234429313e-02
3.779850377384321586e-02
3.831354688533412933e-02
3.883588182523161486e-02
3.936431542589653026e-02
