0.000000000000000000e+00
-1.829568746759453919e-03
2.367407833786893778e-04
3.673324257119984539e-03
6.783921654734822830e-03
9.049197438737346944e-03
1.055494142218437424e-02
1.146907734520177628e-02
1.189967803011552847e-02
1.193884285730776457e-02
1.168284945261918208e-02
1.123230240566901010e-02
1.068514737498379302e-02
1.012787682643277211e-02
9.626559917206258671e-03
9.219872705236839897e-03
8.917295274091401047e-03
8.703636848738498591e-03
8.547935197087226308e-03
8.413266112194131563e-03
8.264719593052125002e-03
8.074424620815288250e-03
7.823780544877876122e-03
7.503616427603920433e-03
7.113031941395126477e-03
6.657494408294326212e-03
6.146603734248820214e-03
5.591857526141033943e-03
5.004711660730610211e-03
4.395172117091882338e-03
3.771039062743766247e-03
3.137773794346151741e-03
2.498828714418955665e-03
1.856218923410412345e-03
1.211131591558288305e-03
5.644387640034011309e-04
-8.294069577576685098e-05
-7.298251228105690326e-04
-1.374667618093240859e-03
-2.015532343354719223e-03
-2.650123574195922035e-03
-3.275850246891239513e-03
-3.889912762872896942e-03
-4.489399461831247544e-03
-5.071380694400906899e-03
-5.632990784409578136e-03
-6.171492143635668240e-03
-6.684319969944209350e-03
-7.169109092317577960e-03
-7.623706238619508760e-03
-8.046171578392248558e-03
-8.434773301095063389e-03
-8.787978560223685259e-03
-9.104443497595619481e-03
-9.383004330427551984e-03
-9.622670707341605262e-03
-9.822621804110502272e-03
-9.982205014889732747e-03
-1.010093665050150469e-02
-1.017850379837638257e-02
-1.021476641689881421e-02
-1.020975879916239011e-02
-1.016368970652814681e-02
-1.007694069728426803e-02
-9.950062419785183146e-03
-9.783768870013984445e-03
-9.578929808056177442e-03
-9.336561674608471681e-03
-9.057817444709220095e-03
-8.743975905210922897e-03
-8.396430852116495286e-03
-8.016680680853576629e-03
-7.606318791916469833e-03
-7.167025158487838783e-03
-6.700559302552032935e-03
-6.208754803326494223e-03
-5.693515321844801365e-03
-5.156811979002799695e-03
-4.600681787520930974e-03
-4.027226730064371873e-03
-3.438613013188960860e-03
-2.837070019513328583e-03
-2.224888527156989454e-03
-1.604417853324564347e-03
-9.780616877116815600e-04
-3.482724898940867792e-04
2.824555827502928237e-04
9.115951803837970538e-04
1.536595614171761600e-03
2.154893937672336651e-03
2.763927107991640160e-03
3.361145053990329413e-03
3.944024457659021758e-03
4.510083038865524314e-03
5.056894124747096479e-03
5.582101283348864240e-03
6.083432805588391730e-03
6.558715828439184992e-03
7.005889903586546251e-03
7.423019828331640577e-03
7.808307568318600955e-03
